Selling_Price_XGB
3.5741413
13.588669
9.817138
3.7290661
1.583039
3.800067
6.786334
3.453304
16.03342
3.4401243
14.6353855
3.6645916
2.209587
14.6353855
4.0599732
3.0644004
1.6165478
5.8917766
19.338343
9.211248
8.1757145
6.3863373
4.3907337
9.058913
4.494146
54.363476
6.95628
11.760308
20.25474
6.8568363
27.121248
4.246468
1.7109894
2.6017687
34.43983
7.57595
37.833992
3.868776
13.935713
2.9715812
5.18937
5.761006
11.600013
4.8925095
31.50277
8.705948
6.287459
20.739967
9.3041935
5.755754
4.9299784
4.6785817
4.0482945
10.125346
1.8411385
9.88434
18.466627
5.893346
52.83551
7.8900504
2.366845
4.6849036
1.1960397
29.23763
4.9218965
7.29833
3.2825391
13.367507
25.868898
1.7642581
10.2939825
5.1875567
2.1658568
25.673275
3.1727986
5.0364633
27.016895
4.191034
5.749149
5.88134
8.807618
4.6596694
3.7513585
4.507557
4.370975
29.909945
41.671722
13.775748
6.069639
15.500036
4.2581363
5.6041813
21.888021
4.977367
2.958006
2.8023312
4.375933
4.3907337
3.8916159
2.3626122
3.75603
2.064044
9.230539
5.7032695
3.9575343
7.1769013
2.9576898
4.5671945
1.7330296
4.8144975
3.1744308
5.1796417
3.1676953
5.6136947
3.650632
7.7579293
1.6255533
7.2047167
1.3403643
0.72835034
2.3760142
2.0911698
6.612811
4.9791374
1.2652109
3.6680508
5.804372
5.6256213
3.1181304
4.621578
5.8346562
22.343746
1.9873488
3.2875843
13.275604
7.7582526
4.586694
5.374868
4.3430176
4.513517
2.1323621
8.082878
2.4841228
9.394857
9.099825
8.316777
5.776639
1.8712353
3.3536654
3.0535936
4.3426275
4.768948
4.9389625
3.9299614
61.083134
42.929546
4.191034
2.3962603
3.086601
1.9969119
6.057133
2.3804395
5.15437
6.7045712
5.8930554
2.0359356
5.029106
2.7130573
24.590424
25.63208
29.381395
1.6255533
3.683325
3.8071413
4.0185647
4.9355006
3.4398515
2.9461281
3.4189065
3.8092086
4.8177834
1.9453142
12.56185
4.3756466
4.172965
1.5109957
5.7540836
7.0659475
3.0071633
4.502726
6.605899
2.1312666
3.4743612
16.47425
17.881828
1.5044674
7.5127115
4.1654863
24.077415
4.5972886
4.7205324
3.9345398
5.602701
22.86829
16.690948
46.705673
8.323764
8.199229
4.14799
3.2596838
4.0078387
2.4848027
8.667469
18.263502
8.298556
5.1143756
5.18937
4.2962275
18.82828
2.71563
4.068348
10.556441
6.3391247
11.499244
4.23491
3.09407
5.6041813
22.556824
3.772565
24.237043
7.1341786
19.02462
7.44707
24.265425
26.116697
3.5005136
0.7147679
3.7494018
4.306374
5.495288
12.387961
16.695513
16.902018
3.0245993
3.1628647
14.165162
2.4702187
3.0389216
24.437109
17.07403
6.211367
4.7733355
14.877924
7.8558354
4.3646684
7.6535764
6.4741254
6.3643084
10.154646
7.0637155
5.8803654
4.468097
2.1900887
10.880862
16.827188
2.5280013
2.2749946
5.1980042
6.039374
6.413545
17.025738
4.9633045
14.237522
7.77371
3.7968712
4.6435814
19.44228
11.322673
39.446938
5.618113
4.239741
4.266063
18.404512
33.58214
8.005576
5.5258603
10.545727
12.702673
7.767318
7.77371
28.420166
3.5306947
3.602631
4.709647
4.8925095
5.209076
17.276842
12.127299
21.221373
5.401512
19.269737
7.073104
1.9931637
7.8080554
4.3352075
6.3545666
5.7579083
2.4403625
9.503438
10.989389
10.07787
3.4086227
3.734834
5.3067355
6.826485
2.4610093
6.1886616
11.161178
3.951261
4.237719
5.070718
5.6636987
5.29963
4.292815
3.3321142
11.284419
3.6602747
28.157238
11.117183
17.77175
5.9059153
27.631378
22.253597
9.211248
1.7060139
1.9822332
20.422646
5.1733446
3.2875843
6.057133
4.239741
15.599228
7.0637155
2.71563
49.45883
4.8048577
10.094821
5.540508
4.5508537
5.119729
4.1826425
10.84566
4.237719
1.2909002
6.3497586
4.8016043
1.249458
6.0810285
3.1145766
12.753787
4.6785817
4.3907337
3.326536
4.112199
6.406401
5.761006
3.5851886
5.735651
4.250113
42.581966
2.5190816
17.299881
7.2580523
4.2658863
2.5481024
5.4073205
1.520334
7.901182
3.2914848
12.328309
4.277442
1.1761594
18.976166
5.613282
6.297968
4.191034
10.579392
27.609566
2.9187133
9.622481
1.3958513
2.823343
16.585527
5.79114
11.197988
2.2051618
3.2666183
29.666056
2.277377
25.83638
18.772728
7.2076063
1.0243363
2.1513724
10.585573
4.23491
9.123203
2.9629855
4.23491
45.30064
2.521226
23.704447
3.4398515
31.796825
6.3863373
2.898739
2.958006
3.4649906
5.0247893
2.131522
5.411992
3.042151
2.9107616
26.212912
4.1760507
5.7579083
5.9013095
13.093319
4.952677
17.010736
3.596872
6.3588834
5.070718
3.7412732
11.365808
6.3543897
12.472837
10.28906
5.654732
43.20775
4.754787
3.8801956
11.141347
2.146167
21.890022
9.843074
21.303375
10.666695
2.6904755
3.4502282
3.845211
49.093605
4.1913743
5.613282
0.70398104
13.521928
11.010533
20.804317
4.9605184
10.960365
10.2301655
5.2042074
7.792412
2.958155
4.5655184
7.3854394
17.37556
2.7279522
4.230593
3.5472648
3.2875843
1.8208545
2.3527312
7.1300535
0.31536815
31.838614
4.0474396
4.901657
4.2656894
12.241446
10.580194
2.8478086
14.739623
11.247093
53.93683
14.071188
3.2771482
1.0435311
6.964598
15.623848
2.8111722
3.2825391
6.819594
2.4356909
3.0469816
4.173397
4.1010137
1.764547
1.9902856
12.789906
18.47916
3.2139022
9.320236
5.5788107
10.591175
8.411259
6.854278
10.503393
5.793896
5.889982
3.1145766
9.343531
9.946807
4.4792285
1.7379509
5.055135
16.47425
1.3943651
1.9686601
37.189617
12.914661
13.885794
2.8389192
3.1887095
1.3042778
2.8227553
3.4474614
4.9218965
6.9423914
19.143206
5.18937
4.704574
29.322495
3.007948
7.9805417
6.287459
10.854639
3.4875643
3.2756805
15.05457
12.802282
22.296755
12.903927
10.819559
4.5660586
3.7254016
27.097252
11.6809435
26.572416
5.355434
23.916399
5.033937
10.141564
6.0658193
4.6435814
4.3875546
8.138984
2.3609273
3.2904193
27.448149
6.9176736
2.1513724
17.394186
29.32894
19.76009
21.271587
6.2629876
4.047205
17.614985
3.833088
7.84013
4.6328835
5.0049343
6.6071796
6.0757294
53.2142
8.900496
5.2265415
3.2319603
3.7373846
22.418667
28.54241
14.0325365
7.280373
3.042151
11.767984
7.559869
5.211436
23.51805
6.073328
11.0911665
9.817138
24.57976
5.3394647
3.141453
3.6280584
2.9174798
2.5892446
32.00804
4.551939
